-2.9565115604007097
-4.509860006183766
-0.2131932204610416
0.8082599876604499
-2.0874737133771
2.5261285643295825
4.227008912407272
3.0021118805180302
1.165647690004268
0.16041672140590466
1.5621366393160874
0.6815805441884799
3.6790563651651738
0.128393214768399
0.8197798314933114
-0.916290731874155
-0.2294131643278051
1.0935997468445653
0.6734545472142093
1.5464981126602262
1.6134299337036377
-0.6500876910994983
-2.551046452292545
2.804571768092832
1.9290546034162273
3.2439976136419806
-0.07904320734045285
-1.4828052615007343
0.016857117066422806
-2.7806208939370456
-2.4418471603275536
3.3515868811088207
-1.1116975282167652
2.421878099182029
-3.079113882493042
0.26773443464208485
2.3754637384066184
0.609221945622184
-2.0024805005437076
-0.048140375327934984
4.480479598029051
-0.9888614247089905
-0.43695577519953516
3.3317758468836502
-1.0216512475319814
-1.2039728043259361
-3.7297014486341915
-1.4524341636244356
2.5438042910354857
-0.16369609267078977
-0.22189433191377778
3.0717669598299886
1.6526889544284153
1.3645598689738845
4.305833798392831
0.9474017268992078
0.45362014999521155
0.9400072584914712
0.5726730270920708
-5.298317366548036
0.17898265552843995
1.6921232790527083
1.1288181307251755
-1.731605546408308
-0.5208759596194922
-0.4231200433468851
0.41475515501525706
1.1854014187405006
4.230156685335755
-0.7444404749474959
-2.7181005369557116
2.704376795735901
1.1432669292085411
-2.6036901857779675
1.0888985964804707
-2.864704011147587
-0.4942963218147801
-2.4079456086518722
1.549900199717904
-1.4146938356415886
-1.7037485919053417
-1.305636458102436
-0.06187540371808753
-0.8533159327127666
-2.9565115604007097
3.933295140703686
-1.0788096613719298
1.319887428922292
-1.1177951080848836
-3.649658740960655
-1.6713133161521878
0.04114194333117521
-0.9339456671128757
-1.0412872220488403
-3.7722610630529876
-2.9187712324178627
0.6538864666066427
-0.8119307165499123
2.6109517566386593
-0.3092462503676215
3.0058311082314053
0.09257918129309317
-3.863232841258714
2.861114576829047
-1.9805015938249322
-0.5603660693261269
1.0306902721826512
1.9648720869366998
-2.0402208285265546
2.206074192613202
2.2945529212967815
0.3639484279052308
4.480479598029051
-4.199705077879927
-1.973281345851445
1.2032725592115425
-1.0996127890016931
1.0281898243715637
0.47436908675537554
-1.5896352851379207
