4.017823424314358
5.444752644777583
-2.5257286443082556
-4.605170185988091
0.7839015438284094
-1.4271163556401458
0.8241754429663494
0.7654678421395714
0.5247285289349821
2.8925915146344776
0.6151856390902335
5.362558968609502
5.6011958858811
3.1970391302590264
-0.07257069283483537
3.686125665917315
1.7119945007591924
-3.2188758248682006
3.2954664270299134
-0.4780358009429998
1.0152306797290584
1.4929040961781488
1.6601310267496185
1.9300710850255671
0.598836501088704
5.766131099720736
-0.06187540371808753
1.8082887711792655
1.1505720275988207
0.23901690047049992
1.6695918352538475
-1.2378743560016174
-0.3011050927839216
-0.5108256237659907
-1.9661128563728327
-0.5447271754416722
0.9242589015233319
-0.040821994520255166
1.208960345836975
0.2151113796169455
0.3148107398400336
0.29266961396282004
-1.1086626245216111
0.28517894223366247
-0.19845093872383832
0.412109650826833
3.480624515293477
2.286455711064162
1.2669476034873244
1.7884205679625405
-0.020202707317519466
-0.8675005677047231
1.8357763546448294
-1.2729656758128873
-3.2188758248682006
1.673351238177753
0.009950330853168092
2.8970163006148333
0.29266961396282004
3.3243163373261977
-1.3862943611198906
-3.506557897319982
1.2178757094949273
6.310463584065713
-0.6348782724359695
1.7561322915849038
-0.37106368139083207
-0.2484613592984996
1.9416152247724325
0.11332868530700327
1.776645831418007
1.2267122912954254
-1.3470736479666092
0.3220834991691132
-1.6094379124341003
0.29266961396282004
2.71336936257981
1.3686394258811698
-0.11653381625595151
2.9678470700644555
1.9416152247724325
1.2809338454620642
1.9810014688665833
1.425515074273172
1.6174060820832772
4.009149716158869
-3.506557897319982
1.9572739077056285
-0.35667494393873245
1.1908875647772805
0.5128236264286637
0.3987761199573678
4.235554730773624
0.7654678421395714
1.8500283773520307
0.5822156198526637
-0.5621189181535413
-1.0788096613719298
0.9707789171582248
0.17395330712343798
-1.0498221244986778
-2.5257286443082556
2.785011242238338
-0.843970070294529
