-6.907755278982137
-0.6597124044737079
-1.0996127890016931
1.3334208715128224
-0.3915622029391729
-0.8794767587514388
-2.513306124309698
0.856116008838085
-0.42924563677356775
3.6862510027602444
-2.9759296462578115
-0.6971552019574841
0.37225297390205087
-0.8029620465671519
-0.3930425881096072
-1.2241755116434554
3.4968105458651015
-6.907755278982137
1.716676663103699
1.6384140206706175
-1.1488535051048565
2.365184234750566
3.7731516663481126
3.2661028632308824
-1.9173226922034008
-1.3205066205818874
-2.8473122684357177
-3.540459448995663
0.8654184015003984
-2.0635681925235456
4.178639753717495
-2.9374633654300153
1.7098260864653687
-0.05024121643674679
0.09075436326846412
1.262996144775397
1.9077631449843613
-0.7635696448564911
-3.1941832122778293
-2.0024805005437076
-0.025317807984289897
1.2966431391672442
2.350136394852268
-0.6871651088823978
-5.521460917862246
4.178639753717495
0.36741704047063445
-5.115995809754082
2.672906498966629
-1.2765434971607714
-1.7372712839439852
-0.025317807984289897
1.4291143583028187
3.7896971668498547
-1.313043899380298
-0.9728610833625494
-1.258781040820931
0.7893660383004882
-4.135166556742356
-0.8416471888783893
0.9372691382593468
1.161587087829498
1.3568655504290785
-1.851509473633829
2.533696813957432
-0.43232256227804705
-1.287354413264987
-2.322787800311565
-2.5257286443082556
0.18315454309784654
-2.7646205525906042
1.4269563428387804
-2.7646205525906042
1.897169983635923
1.2047724844965002
-1.171182981502945
-2.071473372030659
1.7490259266411539
3.4539163259943844
-0.8119307165499123
3.094264529618237
4.178639753717495
-4.509860006183766
0.11955923505763925
0.9301936370431465
-1.4271163556401458
3.0778651030925133
1.4870442642200337
3.743178227521315
0.9570487243463228
-2.900422093749666
0.10885440491208208
-3.3524072174927233
0.8969040180739649
-5.521460917862246
3.5152698379220033
-1.3280254529959148
-1.9519282213808764
-0.5673959752543851
1.3724489542978375
1.0253244928982774
-2.8824035882469876
3.440193710668838
-4.422848629194137
0.5900064216404319
4.178639753717495
1.4781896258241463
-1.374365790254617
-4.422848629194137
0.2608246182818983
-0.3133418192323586
2.4278952839594923
2.1131180680392196
-0.916290731874155
0.7026023393307005
-0.8370175509796473
-2.2537949288246137
4.178639753717495
-1.6713133161521878
0.543486406005539
0.1672079189839064
0.711968934800533
-0.42159449003804794
1.5334204260101845
-1.8971199848858813
-6.907755278982137
-5.115995809754082
-4.199705077879927
1.0892351268555127
3.2551306055273717
-4.135166556742356
