2.457877977400081
-2.4079456086518722
-0.7765287894989963
0.5007752879124892
1.8082887711792655
0.4637340162321402
2.8808824318750488
4.63035048451839
0.4762341789963717
-1.4271163556401458
1.3454723665996355
-0.7133498878774648
4.638508245598602
0.8285518175661483
1.5040773967762742
1.0543120297715298
1.0260415958332743
4.22683374526818
2.514465452029545
3.171364842197149
1.1537315878891892
4.8847696822465165
2.7232671669070703
-0.8915981192837836
0.8197798314933114
1.8180767775454285
5.653786583890511
2.7186603802142257
-2.5257286443082556
1.6467336971777973
-0.8675005677047231
2.727199019940971
1.3686394258811698
4.054043265448575
1.0612565021243408
-0.941608539858445
0.3293037471426003
1.0473189942805592
2.739548868161581
-1.5606477482646683
0.8415671856782185
6.880209349552185
-2.995732273553991
1.7595805708638197
-3.912023005428146
3.503152104185149
-0.18632957819149348
0.8754687373538999
1.4655675420143985
-1.8971199848858813
0.2151113796169455
0.6151856390902335
0.5596157879354227
3.255400599550573
3.538347219809389
-0.40047756659712525
6.5010494014378395
3.2627013044082305
-1.171182981502945
0.41871033485818504
5.8662414023539045
-0.8675005677047231
0.02955880224154443
1.7047480922384253
-0.3011050927839216
3.600321427132145
1.0438040521731147
4.828393734102471
-0.4620354595965587
1.5912739418064292
1.0715836162801904
3.428488241898059
6.022817854765978
0.30010459245033816
0.11332868530700327
1.6601310267496185
0.03922071315328133
-0.7765287894989963
2.516889695641051
-0.8209805520698302
2.4458192610799534
-1.0498221244986778
2.327277705584417
-0.10536051565782628
0.0769610411361284
0.8197798314933114
-0.6539264674066639
1.0681530811834012
1.6114359150967734
2.5877640352277083
5.146389215073875
1.6752256529721035
-0.13926206733350766
-1.2378743560016174
-0.6733445532637656
-0.7339691750802004
1.6845453849209058
5.5595271186687025
0.5481214085096876
2.6232182655855123
4.663910681010692
2.1004689088719113
0.12221763272424911
-2.120263536200091
1.3029127521808397
-1.8971199848858813
6.182849077473688
1.2919836816486494
-2.995732273553991
0.6830968447064438
-0.5447271754416722
0.23901690047049992
2.418588768750352
-2.8134107167600364
4.6257568195964796
1.8050046959780757
4.125197025704866
7.098962243364063
-0.4155154439616658
3.5530597309714014
-0.916290731874155
0.9321640810304452
-1.2729656758128873
-3.2188758248682006
-0.5447271754416722
0.2468600779315258
-2.0402208285265546
-0.7985076962177716
-1.1086626245216111
0.7929925155296614
0.9282193027394288
0.3987761199573678
-0.8209805520698302
0.35065687161316933
2.2752138961979136
0.8712933659434193
1.0784095813505903
1.4701758451005926
-2.659260036932778
2.6468837658647226
-0.040821994520255166
2.265921108622454
3.8979240810486444
3.66612246699132
0.131028262406404
2.489064659936664
