1.7199232736091752
-3.036554268074246
-3.858482238500116
2.0003171622138463
-2.1698039817602273
-4.283086686818978
0.2243428318896919
0.467124488494892
1.780749076708003
2.070463862647485
-3.177254150177381
-3.8212686421596818
-2.425883309338539
-6.571283042360924
-1.0607386362400282
-1.4371666914936472
1.9609254248851233
2.177894505035005
1.1081665014729214
-4.268697949366879
0.5705274670120347
-1.7719568419318752
1.0720629534345731
0.5225367796940019
-5.991464547107982
1.4503952865264143
0.9629452839131656
-1.458865053954726
-2.537042404208529
1.4849172297249744
-1.876663976318499
-2.0249533563957662
1.285091855610728
-1.7643388736520629
-3.8776215787108135
-2.7257051363409306
1.204502663925542
0.25316826441990514
0.03979746987406606
-0.10447202159671107
-0.10647224451051676
1.3121094629305141
