0.30010459245033816
1.358409157630355
1.3056264580524357
-3.2188758248682006
2.5610957881455465
-1.6607312068216509
-0.4942963218147801
4.311604170377335
3.5097527882165007
-0.2876820724517809
-0.4620354595965587
-2.4079456086518722
-3.506557897319982
-1.9661128563728327
-3.2188758248682006
1.8373699804801074
4.04952151861378
0.5187937934151675
1.3270750014599193
1.9387416595767009
-1.6094379124341003
0.01980262729617973
-0.7133498878774648
-1.171182981502945
0.8628899551470398
2.367436065313662
-1.4696759700589417
1.0152306797290584
-1.2378743560016174
1.824549292051046
-3.506557897319982
5.09693530701534
3.256942025674657
0.8458682675776092
-0.7133498878774648
-2.4079456086518722
1.33500106673234
1.0543120297715298
-0.5447271754416722
-2.659260036932778
-0.40047756659712525
-2.5257286443082556
-1.8325814637483102
-3.2188758248682006
0.20701416938432612
0.14842000511827322
0.03922071315328133
-1.1086626245216111
1.5260563034950492
-0.19845093872383832
-1.7147984280919266
0.009950330853168092
2.425687290128029
-1.4696759700589417
-1.8971199848858813
1.9401794743463283
-0.4942963218147801
0.14842000511827322
-1.7719568419318752
-1.1394342831883648
2.0451088625993306
-2.2072749131897207
-2.659260036932778
-2.659260036932778
-1.7719568419318752
2.9019708937395166
-2.0402208285265546
0.5538851132264376
-0.527632742082372
0.5128236264286637
1.891604804197771
0.2151113796169455
2.258633205464863
1.6845453849209058
0.131028262406404
1.7613002617433464
-3.506557897319982
-0.843970070294529
0.43178241642553783
3.119718253334982
-0.616186139423817
-0.2876820724517809
1.269760544863939
1.463255402256019
-3.506557897319982
1.5496879080283263
-4.605170185988091
-0.9675840262617056
0.6931471805599453
2.567254391136754
-0.2876820724517809
0.41871033485818504
3.3130945001071823
3.205993199037187
1.1184149159642893
-0.11653381625595151
1.747459210331475
-0.31471074483970024
-0.2484613592984996
0.9783261227936078
-2.2072749131897207
0.5766133643039938
2.3702437414678603
1.0152306797290584
-0.07257069283483537
1.1568811967920856
-2.5257286443082556
0.7654678421395714
1.4327007339340465
0.23111172096338664
0.5423242908253617
0.06765864847381486
-0.7985076962177716
-2.659260036932778
3.44265917146975
-0.941608539858445
-1.5606477482646683
-0.8915981192837836
-0.342490308946776
2.3398808777377424
1.3137236682850553
1.5973653311998313
1.925707441737794
0.19885085874516517
0.5653138090500605
-2.5257286443082556
-0.3856624808119846
3.847804433101495
2.9841656371825254
-2.4079456086518722
0.5247285289349821
-1.8325814637483102
-0.6733445532637656
1.184789984909162
0.1570037488096647
1.144222799920162
-1.7147984280919266
2.5392369943330477
-2.995732273553991
5.581953766291067
2.149433913499871
1.9878743481543455
0.01980262729617973
2.0162354657760435
-0.06187540371808753
0.0
6.100475890377242
-0.8915981192837836
-2.0402208285265546
-1.4696759700589417
0.7371640659767196
-0.2231435513142097
1.713797927758343
-0.01005033585350145
4.309724722918476
-3.912023005428146
-0.7133498878774648
3.3304171996011083
-0.7985076962177716
3.1793030497483774
-4.605170185988091
2.794839331174601
0.4885800148186709
-2.659260036932778
-0.19845093872383832
0.9042181506398859
-3.912023005428146
-2.3025850929940455
0.29266961396282004
-2.659260036932778
6.193221016540544
0.9001613499442714
0.3364722366212129
1.6695918352538475
0.7929925155296614
-0.4942963218147801
-0.916290731874155
4.307303088477945
-0.040821994520255166
5.8673175543650995
4.6619285198067
2.0592388343623163
-1.171182981502945
0.08617769624105241
