1.6164135261705257
-0.579818495252942
-0.06720874969344999
0.5068176023684519
1.8671761085128091
5.588315504847488
-1.448169764837978
-1.171182981502945
-0.2045671657412744
1.5293118679548154
1.2223037610106595
-1.8971199848858813
5.144495799223983
-4.605170185988091
1.349371007015293
2.2316260040535516
-4.605170185988091
0.45107561936021673
3.7005609588877744
1.7587196151498548
3.9455544886369385
3.1780538303479458
-0.8556661100577202
-0.15665381004537685
-1.7147984280919266
4.5779531396945385
-0.8556661100577202
-0.4620354595965587
5.0183058004004755
6.089917510463151
0.8981267612464839
-1.0642108619507773
2.551786178627545
0.5481214085096876
2.336986519711378
-0.24207156119972859
6.089917510463151
-0.29437106060257756
2.5963734838775876
0.18647956694261839
0.3681093215643955
-4.605170185988091
1.459777137879694
1.095273387402595
1.631199404215613
2.5506163598160345
5.139438861480548
0.5933268452777344
0.126632650933366
-1.5606477482646683
-2.900422093749666
0.8628899551470398
0.883767540168595
0.16126814759612232
-0.6733445532637656
-1.2729656758128873
2.4655539212721855
0.4054651081081644
2.1150499691472033
3.2315945972759756
2.9747639671177946
-3.3524072174927233
-2.5902671654458267
-2.5257286443082556
3.4296228558458592
1.2311014717141886
-1.9661128563728327
-0.9942522733438669
0.131028262406404
2.8370295823586704
2.4794752597907936
-1.584745299843729
-0.5361434317502807
0.4668737362368079
0.8712933659434193
0.8372475245337022
-0.15082288973458366
0.024692612590371414
-3.101092789211817
1.128171090909654
-0.4079682383262829
-0.5621189181535413
-0.5361434317502807
-1.6873994539038122
-3.912023005428146
-2.5257286443082556
1.2725655957915476
-0.18632957819149348
0.13976194237515863
-1.0788096613719298
