-2.6736487743848776
2.748808193574378
1.501852701754163
2.8770050422851896
-1.4354846053106625
2.661517486973993
2.1591765096986895
-1.374365790254617
-3.649658740960655
2.974866080872606
1.8511284010348883
0.33002291294130587
0.06578774053800315
-1.9105430052180221
-0.05868899634867961
-0.390084006069862
1.3632815868108177
-2.7806208939370456
1.1400740784757042
-4.961845129926823
0.7852704694357512
-0.4525567156420149
2.086913556518537
-2.312635428847547
0.3736303845881459
0.9070481505072224
-0.7874578600311866
2.2515023027647296
-0.21072103131565253
2.1677957666454075
-0.33827385856784115
-0.7614260213132397
0.002995508979798371
-0.9861768593383216
1.4788735424129837
2.69144645193543
0.8924077914108229
2.6395572046569096
-4.3428059215206005
3.163701324123545
-3.473768074496991
-2.9187712324178627
3.195156738247608
1.1984576236378257
-3.3524072174927233
1.8687205103641833
2.136530508663963
-0.3930425881096072
2.2534998853035546
-2.900422093749666
1.6331544390514163
4.098585556479355
-1.194022473472768
4.796377150370018
4.099862642906006
-2.7806208939370456
-0.4200712604975265
-0.6180397080731398
-4.8283137373023015
-5.521460917862246
0.5241366378256631
0.33289441527332897
1.9972820117848622
0.9290095042819297
-0.5008752929128226
-0.7743572359854884
-2.0024805005437076
2.959794166748362
-3.912023005428146
-0.22690060019192196
-3.170085660698769
4.425169932882814
-3.2441936328524905
1.589847262669096
4.227563406008323
-0.9113031903631159
0.8211005448704062
2.879591638419177
-1.6982691261407161
0.3967606674780181
-0.41248972304512876
1.7884205679625405
0.39944703578260143
2.3598157264483173
1.827769906751088
1.9276006921394682
0.3118867611485984
2.83942927915859
0.316998126785834
2.1346397021445984
-0.38860799104174143
1.2237754316221157
2.108757596013889
1.5029656679235837
0.6333971761541712
-0.00904074465214907
-2.4769384801388235
4.061907454965438
-5.115995809754082
4.785765253256345
-2.4079456086518722
