0.5187937934151675
0.9631743177730056
0.4574248470388755
-0.8675005677047231
-1.3862943611198906
1.8931119634883424
-2.3025850929940455
0.5364933705145685
-0.37106368139083207
-0.8675005677047231
-1.7719568419318752
-3.506557897319982
5.196340010435573
2.725890119230541
-0.941608539858445
1.3862943611198906
1.8164520818184267
-1.4696759700589417
2.922085733385692
3.8314634975697293
2.3513752571634776
-1.2039728043259361
2.2300144001592104
0.9042181506398859
4.511298970378021
-0.23572233352106983
-0.5621189181535413
-0.21072103131565253
-1.8971199848858813
-2.659260036932778
-0.11653381625595151
3.1346242724206097
6.48122484671154
0.23111172096338664
1.463255402256019
-2.4079456086518722
1.0367368849500223
0.08617769624105241
2.244955980157409
2.5649493574615367
-0.05129329438755058
-0.2231435513142097
-0.9675840262617056
0.3576744442718159
2.1186622548331173
2.174751721484161
-0.4307829160924542
1.2612978709452054
-1.4271163556401458
0.20701416938432612
-1.171182981502945
0.1823215567939546
1.144222799920162
-0.7985076962177716
0.17395330712343798
0.35065687161316933
2.224623551524334
3.193352867637115
2.7363136663750693
-3.506557897319982
0.17395330712343798
-3.912023005428146
-1.3470736479666092
1.8484548129046001
-1.2039728043259361
-0.23572233352106983
-2.4079456086518722
0.5709795465857378
-1.0216512475319814
0.8458682675776092
0.03922071315328133
5.235377566774162
-2.0402208285265546
3.1570004211501135
1.8809906029559975
4.24763773163523
-3.506557897319982
1.0296194171811581
-3.912023005428146
1.7732559976634952
-0.6539264674066639
-0.3856624808119846
2.6188546222977394
1.1216775615991057
2.9621754900251482
0.41871033485818504
-1.8325814637483102
1.5303947050936475
-2.2072749131897207
0.5187937934151675
-3.506557897319982
-4.605170185988091
5.003006266931765
1.965712776351493
5.774520489161543
5.262949222710246
-0.15082288973458366
0.5007752879124892
-4.605170185988091
0.058268908123975824
5.094915166142843
-0.4155154439616658
-1.5606477482646683
2.5478814489493886
-4.605170185988091
0.9439058989071284
5.875043084090731
2.2027647577118348
4.968145242475304
1.4951487660319727
2.756205242989257
0.7466879474879751
3.133317936506554
0.9783261227936078
1.297463147413275
0.8153648132841944
-0.8915981192837836
2.065596134857783
-0.5978370007556204
