3.194214211797339
-2.071473372030659
-1.258781040820931
0.870037347356693
5.1261401811861
0.8607780219438964
3.455527726207203
-1.6044503709230613
0.09984533496971612
-0.11653381625595151
2.290714920423558
2.5001236155928606
5.1261401811861
0.7802418874108791
4.088360023874844
-0.8867319296326107
-1.258781040820931
1.7302386125798046
-4.268697949366879
0.7970566439504568
-0.3438997524500096
3.940999113664663
3.4213920889476745
2.1092430329166256
1.9466241797889703
-1.152013065395225
1.5219173149046052
3.7281722800516435
1.7599247457080365
0.7598708126028534
1.9261446639264976
-1.07587280169862
0.9578164787026533
0.5670169034157331
2.2008845381677062
-0.3960099493374092
1.6517308246243518
0.4408322519454557
0.22633844221072896
2.2318406884682878
2.3927913608801945
0.9017860456712733
0.5492768101402434
3.240559035699343
2.2879789406046838
3.1007227207449284
0.592774206413158
-2.24431618487007
-1.1841701770297564
1.2116433106301556
0.5726730270920708
1.904343829975201
0.8480118911208606
3.568659075549086
-3.2441936328524905
-3.036554268074246
0.49408629976169266
-4.509860006183766
-1.374365790254617
-2.631089159966082
-0.022245608947319737
2.6578790838558466
-5.115995809754082
-0.13581972314253485
1.5617171762226887
-0.7940730991499059
-2.0249533563957662
2.969952820566504
1.7855737101409688
-0.5996568374726063
2.686349774122871
0.24842135849847832
5.1261401811861
0.3133498192003588
-0.3856624808119846
0.7594029763370106
0.35065687161316933
1.4365120772805082
2.904548568131373
2.1251316675969516
1.6052290676600456
1.727398710067665
0.8895359945653355
4.6639295398616225
-0.7194911558995473
-2.9565115604007097
2.1156529236424078
0.9768212316141874
1.6871394200979524
4.543571339769134
4.6634862628109275
-0.25747623039471507
-1.018877320649256
-2.396895772465287
1.8354573244937744
-1.8971199848858813
-0.15899573149045795
0.06859279146561167
-3.473768074496991
0.5411608235620636
-2.234926444520231
0.2413763195752694
2.2975725511705014
0.7246458476193163
1.362001668550846
1.7695138602807354
-0.3078847797693004
-3.540459448995663
5.1261401811861
0.8866559267444644
1.362001668550846
1.6501959049062682
5.1261401811861
1.863614906328483
