-0.39452516806982996
1.3548036940285197
-0.8794767587514388
-0.03149066709137085
-0.36528331847533263
-0.015113637810048184
-0.770028224895903
1.5828885772005639
2.7927589290291643
-2.995732273553991
-3.4112477175156566
-2.047942874620465
-4.509860006183766
-0.791863153499103
0.43178241642553783
-4.509860006183766
-4.199705077879927
-2.24431618487007
-1.0966142860054366
0.16211884947643512
-0.5293290953305504
-1.0498221244986778
-2.4534079827286295
-0.9213032736976993
-2.364460496712133
-2.364460496712133
0.058268908123975824
-0.030459207484708574
-6.214608098422191
1.7638742657385194
-0.8007323912398827
0.13540463700620298
-3.540459448995663
-1.742969305058623
-4.268697949366879
-0.7256703722655053
0.5636078092049601
-2.8302178350764176
1.4669522641373451
0.2530906276821619
0.6010318916521397
-1.1086626245216111
1.330517345650892
1.807796846925679
0.5567545556543906
2.562561894353604
1.3164082336557241
-3.611918412977808
2.728963322682417
1.390286382389428
-0.41703174447962976
-1.0216512475319814
-3.3524072174927233
-0.34955747616986843
-2.396895772465287
0.6512829764612464
-0.25360275879891825
2.0352283870035106
-1.7897614665653818
-6.214608098422191
-1.5324768712979722
-3.9633162998156966
-4.8283137373023015
-0.9996723408132061
-4.017383521085972
1.321489137753775
1.9360041029358477
-2.312635428847547
-0.5242486440981314
-1.2552660987134867
-3.101092789211817
2.691107480371898
0.3701832939635246
-2.900422093749666
0.16381808522939492
2.629656133674198
3.280309531052293
-0.8096809968158968
-5.115995809754082
-3.0576076772720784
-2.513306124309698
-1.1744140020843916
-0.53785429615391
-0.4668087383492164
0.23665190133900194
0.7650026176603734
0.9034081060431414
-1.7660917224794772
-1.0700248318161971
-1.5417792639602856
-0.38860799104174143
3.8906359235464985
-0.7852624694677509
1.0360274134764884
0.6931471805599453
-0.22815609313775398
-0.39452516806982996
-1.579879110192556
-0.4877603508349946
0.4762341789963717
0.9947321581807177
-3.611918412977808
2.364526494534229
-1.8838747581358606
-4.268697949366879
