0.6780335427498971
3.928486731458811
1.3837912309017721
0.5840760855055833
-5.0106352940962555
0.0033277900926747457
1.3358778752058746
0.07076907088820716
0.8227123849145891
3.055572273910008
1.0863147608577035
-2.3025850929940455
2.613006652415316
2.4954068844218664
-0.8059426747052897
1.572773928062509
0.7339691750802005
5.4678632159801195
-1.9902104079518934
-0.2484613592984996
0.7654678421395714
-3.2188758248682006
-1.192922968139351
3.4216533902295376
-0.21484474849951468
2.3259760457846212
0.7307640441312521
0.09833590072086179
1.892107443062337
-0.579818495252942
1.7107904066943878
-1.8536348729461425
1.5858280467949668
0.7323678937132266
3.5112468868061133
3.5960329037475844
5.042865820757357
2.191653532286764
2.2155737160044158
-3.912023005428146
4.232511029605105
0.7854224566691161
1.526780678753091
0.09227527610917084
-3.2188758248682006
0.7639162514481525
-0.006688988150796652
-1.2611312181658847
0.8183103235139513
0.6847789308894288
-0.6733445532637656
0.7080357930536959
-1.0033021088637848
1.144222799920162
5.684452402354987
1.9782390361706734
-0.8059426747052897
1.9134853389721456
-0.958850346292951
1.3887912413184778
-0.25274402109050054
-0.90799192905946
-2.870569130599985
-0.44109228575131554
-4.0943445622221
-2.0661963149298153
-2.2380465718564744
0.42961556834044745
