5.667637028019848
-2.659260036932778
1.1786549963416462
4.120499519698952
-1.2729656758128873
-0.6348782724359695
5.09534402202321
2.4501426573516603
7.428725274180145
0.14842000511827322
0.04879016416943205
5.36241829195456
0.47000362924573563
-0.1743533871447778
-1.0498221244986778
1.9213246735826988
1.0715836162801904
-4.605170185988091
1.547562508716013
0.1823215567939546
0.5247285289349821
1.7227665977411035
0.29266961396282004
2.991222118076105
0.26236426446749106
4.409520198982804
1.2919836816486494
0.6418538861723947
2.334083760053417
1.0402767116551463
-3.912023005428146
-1.5606477482646683
2.653241964607215
1.3609765531356006
4.721618998631338
0.9042181506398859
-0.8915981192837836
3.214867803470662
3.2200751054436827
1.8389610707123492
3.878673025746592
0.19885085874516517
1.0885619528146082
-0.020202707317519466
-0.6348782724359695
2.6195832197798796
4.277360322445531
3.6768068728796672
3.3975239762958465
-1.0216512475319814
-0.5978370007556204
0.6931471805599453
1.1755733298042381
0.7030975114131134
0.5822156198526637
-1.5141277326297755
3.8823882002984553
-0.5978370007556204
0.7323678937132266
0.058268908123975824
1.3428648031925547
4.439469730210373
0.9932517730102834
1.1249295969854831
3.393165209964891
0.7747271675523681
2.21375387928743
4.1666652238017265
2.3664984187376983
0.19885085874516517
4.235699438103303
-0.616186139423817
0.8372475245337022
1.3506671834767394
-0.2231435513142097
3.4236109764990554
7.428725274180145
0.19885085874516517
6.169987230644788
-0.7133498878774648
3.607126952241677
1.3887912413184778
5.429608752229212
-0.2876820724517809
5.1664987919271885
-0.4780358009429998
0.9321640810304452
3.24376354037598
0.7654678421395714
2.7186603802142257
0.883767540168595
2.9428587839469227
0.5306282510621704
2.997231149677727
2.167910189667444
5.714656471208079
1.965712776351493
5.51873721194065
3.8772244998854504
1.6582280766035324
3.175132901920282
2.5572273113676265
-0.5108256237659907
-1.5141277326297755
1.6582280766035324
0.4252677354043441
4.879843003846233
-1.4696759700589417
0.7929925155296614
2.0241930674493576
3.811318301306514
6.159264507382916
-1.8325814637483102
2.7930039069823738
3.595118074299462
2.0856720914304723
-1.0498221244986778
4.075161742805327
-0.616186139423817
0.9242589015233319
-1.0498221244986778
1.0681530811834012
0.7747271675523681
-2.995732273553991
4.272211768666675
-3.506557897319982
-2.995732273553991
4.437579593794131
1.1085626195212777
1.8656293177945105
1.864080130807681
0.5068176023684519
0.1570037488096647
-0.15082288973458366
5.751174836958802
6.050487887557443
1.0188473201992472
-2.2072749131897207
-2.8134107167600364
-1.171182981502945
-1.5606477482646683
0.6931471805599453
-0.4942963218147801
1.5325568680981427
2.626840145676667
-2.2072749131897207
1.3887912413184778
0.4824261492442928
0.03922071315328133
2.303584593327129
-0.843970070294529
0.7884573603642703
7.428725274180145
2.813610696762703
-1.8971199848858813
4.038831852291842
1.6544112780768316
2.843163674909384
1.451613827240533
4.925730787005811
3.1135153092103742
1.0296194171811581
-0.616186139423817
1.814824742159051
6.069744162986665
-0.843970070294529
1.3762440252663892
0.7561219797213337
0.4574248470388755
2.174751721484161
2.830857630363757
-0.18632957819149348
0.8197798314933114
2.853015971352396
0.8586616190375187
1.2296405510745139
1.9387416595767009
3.4375293109095457
-0.1743533871447778
5.750443389455249
1.332366019094335
1.0402767116551463
6.40329270136473
0.598836501088704
2.136530508663963
-0.6348782724359695
0.688134638736401
0.7929925155296614
3.0469005601283903
4.268297869345539
2.9172300453990334
4.24763773163523
0.4574248470388755
0.9555114450274363
2.930126516455997
-1.2729656758128873
1.9851308622085946
0.04879016416943205
-3.2188758248682006
1.6074359097634274
3.358289880650879
0.16551443847757333
-0.3856624808119846
3.5010427166318716
0.8241754429663494
-0.5621189181535413
6.918170848129838
6.925988047243197
-3.506557897319982
3.3833727967496032
-1.1086626245216111
-1.8325814637483102
3.3847291889548483
0.20701416938432612
0.7929925155296614
4.843399374720342
0.7419373447293773
